combination,seq_recovery,count,percentage,PD1_volume,PD2_hydro,PD3_charge,changes,num_changes,31,54,57,101,102,103,104,106,107,164,165,166,184,187,188,190,225,226,227,228,230
DSSIHWVRQAPGKGLEWVASISSYSGYTYYADSVKGRFTISADTSKNTAYLQMNSLRAEDTAVYYCARGGRDLFGLDALDYWGQGTLVTVSSXXXXXXXXXXXXDIQMTQSPSSLSASVGDRVTITCRASQSVSSAVAWYQQKPGKAPKLLIYSASSLYSGVPSRFSGSRSGTDFTLTISSLQPEDFATYYCQQYKYVPVT,1,0,0,-0.5636,-0.0471,1.5730,[],0,,,,,,,,,,,,,,,,,,,,,
SSSIHWVRQAPGKGLEWVASISSSSGSTYYADSVKGRFTISADTSKNTAYLQMNSLRAEDTAVYYCARGGDVPNGWYALDYWGQGTLVTVSSXXXXXXXXXXXXDIQMTQSPSSLSASVGDRVTITCRASQSVYTAVAWYQQKPGKAPKLLIYRASDRYAGVPSRFSGSRSGTDFTLTISSLQPEDFATYYCQQYYYYPLT,0.7097,1,10.0%,-0.5224,-0.0347,2.5693,"[('D', 31, 'S'), ('Y', 54, 'S'), ('Y', 57, 'S'), ('R', 101, 'D'), ('D', 102, 'V'), ('L', 103, 'P'), ('F', 104, 'N'), ('L', 106, 'W'), ('D', 107, 'Y'), ('S', 164, 'Y'), ('S', 165, 'T'), ('S', 184, 'R'), ('S', 187, 'D'), ('L', 188, 'R'), ('S', 190, 'A'), ('K', 226, 'Y'), ('V', 228, 'Y'), ('V', 230, 'L')]",18,S,S,S,D,V,P,N,W,Y,Y,T,,R,D,R,A,,Y,,Y,L
YSSIHWVRQAPGKGLEWVASISSYSGSTYYADSVKGRFTISADTSKNTAYLQMNSLRAEDTAVYYCARGGAVPVGWYALDYWGQGTLVTVSSXXXXXXXXXXXXDIQMTQSPSSLSASVGDRVTITCRASQSVSDDVAWYQQKPGKAPKLLIYRASDRYFGVPSRFSGSRSGTDFTLTISSLQPEDFATYYCQQYYSYPIT,0.7097,1,10.0%,-0.4955,-0.0420,1.5695,"[('D', 31, 'Y'), ('Y', 57, 'S'), ('R', 101, 'A'), ('D', 102, 'V'), ('L', 103, 'P'), ('F', 104, 'V'), ('L', 106, 'W'), ('D', 107, 'Y'), ('S', 165, 'D'), ('A', 166, 'D'), ('S', 184, 'R'), ('S', 187, 'D'), ('L', 188, 'R'), ('S', 190, 'F'), ('K', 226, 'Y'), ('Y', 227, 'S'), ('V', 228, 'Y'), ('V', 230, 'I')]",18,Y,/,S,A,V,P,V,W,Y,/,D,D,R,D,R,F,,Y,S,Y,I
YSSIHWVRQAPGKGLEWVASISSYSGSTYYADSVKGRFTISADTSKNTAYLQMNSLRAEDTAVYYCARGGAVPVGWYALDYWGQGTLVTVSSXXXXXXXXXXXXDIQMTQSPSSLSASVGDRVTITCRASQSVSIAVAWYQQKPGKAPKLLIYSASDRYFGVPSRFSGSRSGTDFTLTISSLQPEDFATYYCQQYYSYPLT,0.7419,1,10.0%,-0.5219,-0.0709,2.5691,"[('D', 31, 'Y'), ('Y', 57, 'S'), ('R', 101, 'A'), ('D', 102, 'V'), ('L', 103, 'P'), ('F', 104, 'V'), ('L', 106, 'W'), ('D', 107, 'Y'), ('S', 165, 'I'), ('S', 187, 'D'), ('L', 188, 'R'), ('S', 190, 'F'), ('K', 226, 'Y'), ('Y', 227, 'S'), ('V', 228, 'Y'), ('V', 230, 'L')]",16,Y,/,S,A,V,P,V,W,Y,/,I,/,/,D,R,F,,Y,S,Y,L
YSSIHWVRQAPGKGLEWVASISSYSGSTYYADSVKGRFTISADTSKNTAYLQMNSLRAEDTAVYYCARGGDVPNGWYALDYWGQGTLVTVSSXXXXXXXXXXXXDIQMTQSPSSLSASVGDRVTITCRASQSVYTAVAWYQQKPGKAPKLLIYFASDRYSGVPSRFSGSRSGTDFTLTISSLQPEDFATYYCQQHYYYPIT,0.7258,1,10.0%,-0.4794,-0.0400,1.6054,"[('D', 31, 'Y'), ('Y', 57, 'S'), ('R', 101, 'D'), ('D', 102, 'V'), ('L', 103, 'P'), ('F', 104, 'N'), ('L', 106, 'W'), ('D', 107, 'Y'), ('S', 164, 'Y'), ('S', 165, 'T'), ('S', 184, 'F'), ('S', 187, 'D'), ('L', 188, 'R'), ('Y', 225, 'H'), ('K', 226, 'Y'), ('V', 228, 'Y'), ('V', 230, 'I')]",17,Y,/,S,D,V,P,N,W,Y,Y,T,/,F,D,R,/,H,Y,/,Y,I
YSSIHWVRQAPGKGLEWVASISSYSGSTYYADSVKGRFTISADTSKNTAYLQMNSLRAEDTAVYYCARGGDVPNGWYALDYWGQGTLVTVSSXXXXXXXXXXXXDIQMTQSPSSLSASVGDRVTITCRASQSVYTAVAWYQQKPGKAPKLLIYSASDRYSGVPSRFSGSRSGTDFTLTISSLQPEDFATYYCQQYASYPIT,0.7419,1,10.0%,-0.5462,-0.0389,1.5693,"[('D', 31, 'Y'), ('Y', 57, 'S'), ('R', 101, 'D'), ('D', 102, 'V'), ('L', 103, 'P'), ('F', 104, 'N'), ('L', 106, 'W'), ('D', 107, 'Y'), ('S', 164, 'Y'), ('S', 165, 'T'), ('S', 187, 'D'), ('L', 188, 'R'), ('K', 226, 'A'), ('Y', 227, 'S'), ('V', 228, 'Y'), ('V', 230, 'I')]",16,Y,/,S,D,V,P,N,W,Y,Y,T,/,/,D,R,/,/,A,S,Y,I
YSSIHWVRQAPGKGLEWVASISSYSGSTYYADSVKGRFTISADTSKNTAYLQMNSLRAEDTAVYYCARGGDVPVGWYALDYWGQGTLVTVSSXXXXXXXXXXXXDIQMTQSPSSLSASVGDRVTITCRASQSVSDAVAWYQQKPGKAPKLLIYYASDRYAGVPSRFSGSRSGTDFTLTISSLQPEDFATYYCQQYYSYPLT,0.7258,1,10.0%,-0.5192,-0.0476,0.5673,"[('D', 31, 'Y'), ('Y', 57, 'S'), ('R', 101, 'D'), ('D', 102, 'V'), ('L', 103, 'P'), ('F', 104, 'V'), ('L', 106, 'W'), ('D', 107, 'Y'), ('S', 165, 'D'), ('S', 184, 'Y'), ('S', 187, 'D'), ('L', 188, 'R'), ('S', 190, 'A'), ('K', 226, 'Y'), ('Y', 227, 'S'), ('V', 228, 'Y'), ('V', 230, 'L')]",17,Y,/,S,D,V,P,V,W,Y,/,D,/,Y,D,R,A,/,Y,S,Y,L
YSSIHWVRQAPGKGLEWVASISSYSGSTYYADSVKGRFTISADTSKNTAYLQMNSLRAEDTAVYYCARGGDVPVGWYALDYWGQGTLVTVSSXXXXXXXXXXXXDIQMTQSPSSLSASVGDRVTITCRASQSVYYAVAWYQQKPGKAPKLLIYRASDRYSGVPSRFSGSRSGTDFTLTISSLQPEDFATYYCQQYYSYPLT,0.7258,1,10.0%,-0.4745,-0.0430,2.5650,"[('D', 31, 'Y'), ('Y', 57, 'S'), ('R', 101, 'D'), ('D', 102, 'V'), ('L', 103, 'P'), ('F', 104, 'V'), ('L', 106, 'W'), ('D', 107, 'Y'), ('S', 164, 'Y'), ('S', 165, 'Y'), ('S', 184, 'R'), ('S', 187, 'D'), ('L', 188, 'R'), ('K', 226, 'Y'), ('Y', 227, 'S'), ('V', 228, 'Y'), ('V', 230, 'L')]",17,Y,/,S,D,V,P,V,W,Y,Y,Y,/,R,D,R,/,/,Y,S,Y,L
YSSIHWVRQAPGKGLEWVASISSYSGSTYYADSVKGRFTISADTSKNTAYLQMNSLRAEDTAVYYCARGGDVPVGYYALDYWGQGTLVTVSSXXXXXXXXXXXXDIQMTQSPSSLSASVGDRVTITCRASQSVNTAVAWYQQKPGKAPKLLIYSASDRYFGVPSRFSGSRSGTDFTLTISSLQPEDFATYYCQQHYSYPLT,0.7097,1,10.0%,-0.5293,-0.0431,1.6076,"[('D', 31, 'Y'), ('Y', 57, 'S'), ('R', 101, 'D'), ('D', 102, 'V'), ('L', 103, 'P'), ('F', 104, 'V'), ('L', 106, 'Y'), ('D', 107, 'Y'), ('S', 164, 'N'), ('S', 165, 'T'), ('S', 187, 'D'), ('L', 188, 'R'), ('S', 190, 'F'), ('Y', 225, 'H'), ('K', 226, 'Y'), ('Y', 227, 'S'), ('V', 228, 'Y'), ('V', 230, 'L')]",18,Y,/,S,D,V,P,V,Y,Y,N,T,/,/,D,R,F,H,Y,S,Y,L
YSSIHWVRQAPGKGLEWVASISSYSGSTYYADSVKGRFTISADTSKNTAYLQMNSLRAEDTAVYYCARGGYVPVGWYALDYWGQGTLVTVSSXXXXXXXXXXXXDIQMTQSPSSLSASVGDRVTITCRASQSVSTAVAWYQQKPGKAPKLLIYYASDRYSGVPSRFSGSRSGTDFTLTISSLQPEDFATYYCQQHYNYPLT,0.7258,1,10.0%,-0.5008,-0.0437,2.6053,"[('D', 31, 'Y'), ('Y', 57, 'S'), ('R', 101, 'Y'), ('D', 102, 'V'), ('L', 103, 'P'), ('F', 104, 'V'), ('L', 106, 'W'), ('D', 107, 'Y'), ('S', 165, 'T'), ('S', 184, 'Y'), ('S', 187, 'D'), ('L', 188, 'R'), ('Y', 225, 'H'), ('K', 226, 'Y'), ('Y', 227, 'N'), ('V', 228, 'Y'), ('V', 230, 'L')]",17,Y,/,S,Y,V,P,V,W,Y,/,T,/,Y,D,R,/,H,Y,N,Y,L
YSSIHWVRQAPGKGLEWVASISSYSGSTYYADSVKGRFTISADTSKNTAYLQMNSLRAEDTAVYYCARGGYVPVGWYALDYWGQGTLVTVSSXXXXXXXXXXXXDIQMTQSPSSLSASVGDRVTITCRASQSVYTAVAWYQQKPGKAPKLLIYRASDRYFGVPSRFSGSRSGTDFTLTISSLQPEDFATYYCQQYYYYPLT,0.7258,1,10.0%,-0.4277,-0.0597,3.5627,"[('D', 31, 'Y'), ('Y', 57, 'S'), ('R', 101, 'Y'), ('D', 102, 'V'), ('L', 103, 'P'), ('F', 104, 'V'), ('L', 106, 'W'), ('D', 107, 'Y'), ('S', 164, 'Y'), ('S', 165, 'T'), ('S', 184, 'R'), ('S', 187, 'D'), ('L', 188, 'R'), ('S', 190, 'F'), ('K', 226, 'Y'), ('V', 228, 'Y'), ('V', 230, 'L')]",17,Y,/,S,Y,V,P,V,W,Y,Y,T,/,R,D,R,F,/,Y,/,Y,L
